The following modules were not unloaded:
  (Use "module --force purge" to unload all):

  1) CCconfig        6)  ucx/1.14.1         11) flexiblas/3.3.1
  2) gentoo/2023     7)  libfabric/1.18.0   12) blis/0.9.0
  3) gcccore/.12.3   8)  pmix/4.2.4         13) StdEnv/2023
  4) gcc/12.3        9)  ucc/1.2.0
  5) hwloc/2.9.1     10) openmpi/4.1.5
prob  LunarLander 

all methods 

outputs  tensor([[0.2207, 0.2669, 0.2452, 0.2672],
        [0.2211, 0.2645, 0.2474, 0.2671],
        [0.2206, 0.2668, 0.2452, 0.2675],
        [0.2205, 0.2667, 0.2452, 0.2676],
        [0.2208, 0.2667, 0.2455, 0.2669],
        [0.2210, 0.2642, 0.2476, 0.2673],
        [0.2213, 0.2625, 0.2482, 0.2680],
        [0.2208, 0.2666, 0.2457, 0.2669],
        [0.2213, 0.2620, 0.2484, 0.2683],
        [0.2211, 0.2634, 0.2479, 0.2676],
        [0.2210, 0.2646, 0.2472, 0.2671],
        [0.2208, 0.2661, 0.2461, 0.2670],
        [0.2212, 0.2629, 0.2481, 0.2677],
        [0.2210, 0.2652, 0.2469, 0.2669],
        [0.2208, 0.2664, 0.2459, 0.2669],
        [0.2206, 0.2668, 0.2452, 0.2673],
        [0.2209, 0.2669, 0.2455, 0.2668],
        [0.2208, 0.2668, 0.2454, 0.2670],
        [0.2212, 0.2616, 0.2486, 0.2686],
        [0.2204, 0.2668, 0.2448, 0.2680],
        [0.2204, 0.2666, 0.2451, 0.2678],
        [0.2209, 0.2655, 0.2466, 0.2670],
        [0.2210, 0.2654, 0.2467, 0.2669],
        [0.2214, 0.2623, 0.2483, 0.2681],
        [0.2208, 0.2668, 0.2454, 0.2669],
        [0.2208, 0.2660, 0.2463, 0.2668],
        [0.2213, 0.2614, 0.2485, 0.2688],
        [0.2213, 0.2617, 0.2485, 0.2685],
        [0.2209, 0.2658, 0.2463, 0.2670],
        [0.2212, 0.2632, 0.2481, 0.2676],
        [0.2210, 0.2637, 0.2479, 0.2674],
        [0.2210, 0.2639, 0.2477, 0.2673]], grad_fn=<SoftmaxBackward0>) 

actions  tensor([[0.],
        [3.],
        [0.],
        [0.],
        [0.],
        [1.],
        [1.],
        [0.],
        [0.],
        [0.],
        [1.],
        [0.],
        [0.],
        [0.],
        [0.],
        [0.],
        [0.],
        [2.],
        [2.],
        [0.],
        [2.],
        [1.],
        [3.],
        [3.],
        [0.],
        [2.],
        [0.],
        [0.],
        [0.],
        [3.],
        [0.],
        [0.]]) 

outputs  tensor([[0.2266, 0.2640, 0.2439, 0.2654],
        [0.2272, 0.2620, 0.2459, 0.2648],
        [0.2268, 0.2640, 0.2442, 0.2650],
        [0.2277, 0.2581, 0.2477, 0.2664],
        [0.2273, 0.2619, 0.2460, 0.2648],
        [0.2265, 0.2639, 0.2439, 0.2657],
        [0.2274, 0.2615, 0.2463, 0.2648],
        [0.2267, 0.2641, 0.2440, 0.2653],
        [0.2271, 0.2628, 0.2454, 0.2647],
        [0.2271, 0.2628, 0.2453, 0.2648],
        [0.2277, 0.2585, 0.2477, 0.2661],
        [0.2275, 0.2609, 0.2467, 0.2649],
        [0.2276, 0.2594, 0.2474, 0.2655],
        [0.2266, 0.2640, 0.2439, 0.2656],
        [0.2272, 0.2625, 0.2456, 0.2647],
        [0.2268, 0.2639, 0.2442, 0.2651],
        [0.2275, 0.2602, 0.2472, 0.2651],
        [0.2271, 0.2634, 0.2448, 0.2647],
        [0.2277, 0.2585, 0.2478, 0.2661],
        [0.2263, 0.2638, 0.2435, 0.2664],
        [0.2264, 0.2639, 0.2436, 0.2662],
        [0.2271, 0.2633, 0.2450, 0.2646],
        [0.2264, 0.2638, 0.2438, 0.2659],
        [0.2269, 0.2640, 0.2442, 0.2649],
        [0.2275, 0.2605, 0.2470, 0.2649],
        [0.2269, 0.2640, 0.2443, 0.2648],
        [0.2271, 0.2637, 0.2446, 0.2647],
        [0.2277, 0.2590, 0.2475, 0.2658],
        [0.2275, 0.2606, 0.2469, 0.2650],
        [0.2275, 0.2596, 0.2474, 0.2655],
        [0.2270, 0.2640, 0.2444, 0.2646],
        [0.2275, 0.2612, 0.2465, 0.2649]], grad_fn=<SoftmaxBackward0>) 

actions  tensor([[0.],
        [1.],
        [0.],
        [0.],
        [3.],
        [0.],
        [1.],
        [0.],
        [3.],
        [1.],
        [0.],
        [0.],
        [3.],
        [0.],
        [0.],
        [2.],
        [0.],
        [0.],
        [2.],
        [0.],
        [0.],
        [2.],
        [2.],
        [0.],
        [3.],
        [0.],
        [0.],
        [0.],
        [0.],
        [1.],
        [0.],
        [0.]]) 

outputs  tensor([[0.2338, 0.2565, 0.2465, 0.2633],
        [0.2331, 0.2609, 0.2428, 0.2631],
        [0.2333, 0.2608, 0.2430, 0.2628],
        [0.2337, 0.2582, 0.2453, 0.2628],
        [0.2337, 0.2597, 0.2441, 0.2625],
        [0.2337, 0.2600, 0.2438, 0.2625],
        [0.2325, 0.2607, 0.2422, 0.2646],
        [0.2337, 0.2575, 0.2459, 0.2628],
        [0.2331, 0.2609, 0.2428, 0.2633],
        [0.2340, 0.2553, 0.2469, 0.2637],
        [0.2337, 0.2580, 0.2455, 0.2628],
        [0.2336, 0.2604, 0.2434, 0.2626],
        [0.2324, 0.2606, 0.2422, 0.2648],
        [0.2327, 0.2608, 0.2425, 0.2640],
        [0.2340, 0.2557, 0.2468, 0.2635],
        [0.2337, 0.2585, 0.2451, 0.2627],
        [0.2326, 0.2608, 0.2422, 0.2644],
        [0.2330, 0.2610, 0.2426, 0.2634],
        [0.2329, 0.2610, 0.2425, 0.2636],
        [0.2338, 0.2590, 0.2447, 0.2626],
        [0.2337, 0.2599, 0.2439, 0.2625],
        [0.2334, 0.2607, 0.2431, 0.2627],
        [0.2336, 0.2576, 0.2458, 0.2629],
        [0.2336, 0.2605, 0.2435, 0.2624],
        [0.2341, 0.2549, 0.2471, 0.2640],
        [0.2337, 0.2591, 0.2446, 0.2626],
        [0.2331, 0.2610, 0.2428, 0.2631],
        [0.2332, 0.2610, 0.2429, 0.2629],
        [0.2340, 0.2552, 0.2471, 0.2637],
        [0.2326, 0.2607, 0.2425, 0.2641],
        [0.2335, 0.2607, 0.2432, 0.2626],
        [0.2328, 0.2609, 0.2425, 0.2638]], grad_fn=<SoftmaxBackward0>) 

actions  tensor([[1.],
        [0.],
        [0.],
        [0.],
        [0.],
        [1.],
        [0.],
        [3.],
        [2.],
        [0.],
        [0.],
        [0.],
        [0.],
        [0.],
        [0.],
        [1.],
        [0.],
        [0.],
        [0.],
        [3.],
        [3.],
        [0.],
        [0.],
        [2.],
        [0.],
        [1.],
        [0.],
        [0.],
        [2.],
        [2.],
        [0.],
        [0.]]) 

outputs  tensor([[0.2384, 0.2578, 0.2407, 0.2631],
        [0.2397, 0.2576, 0.2421, 0.2605],
        [0.2386, 0.2577, 0.2408, 0.2629],
        [0.2400, 0.2545, 0.2447, 0.2608],
        [0.2398, 0.2570, 0.2428, 0.2604],
        [0.2399, 0.2564, 0.2433, 0.2604],
        [0.2395, 0.2580, 0.2416, 0.2609],
        [0.2399, 0.2549, 0.2444, 0.2608],
        [0.2392, 0.2582, 0.2414, 0.2613],
        [0.2398, 0.2574, 0.2424, 0.2604],
        [0.2404, 0.2522, 0.2459, 0.2615],
        [0.2388, 0.2578, 0.2411, 0.2623],
        [0.2399, 0.2556, 0.2439, 0.2606],
        [0.2388, 0.2579, 0.2408, 0.2625],
        [0.2405, 0.2517, 0.2461, 0.2617],
        [0.2400, 0.2545, 0.2447, 0.2608],
        [0.2399, 0.2564, 0.2434, 0.2604],
        [0.2402, 0.2532, 0.2454, 0.2611],
        [0.2393, 0.2581, 0.2415, 0.2611],
        [0.2404, 0.2521, 0.2461, 0.2614],
        [0.2391, 0.2581, 0.2413, 0.2614],
        [0.2403, 0.2527, 0.2457, 0.2613],
        [0.2396, 0.2579, 0.2417, 0.2608],
        [0.2389, 0.2580, 0.2411, 0.2619],
        [0.2401, 0.2540, 0.2449, 0.2609],
        [0.2401, 0.2534, 0.2454, 0.2611],
        [0.2392, 0.2582, 0.2414, 0.2612],
        [0.2390, 0.2581, 0.2411, 0.2617],
        [0.2389, 0.2579, 0.2411, 0.2621],
        [0.2398, 0.2573, 0.2425, 0.2604],
        [0.2399, 0.2553, 0.2441, 0.2607],
        [0.2397, 0.2577, 0.2419, 0.2607]], grad_fn=<SoftmaxBackward0>) 

actions  tensor([[0.],
        [2.],
        [0.],
        [3.],
        [0.],
        [1.],
        [0.],
        [0.],
        [0.],
        [1.],
        [0.],
        [2.],
        [1.],
        [0.],
        [0.],
        [0.],
        [3.],
        [3.],
        [0.],
        [2.],
        [2.],
        [0.],
        [0.],
        [0.],
        [0.],
        [1.],
        [0.],
        [0.],
        [0.],
        [3.],
        [0.],
        [0.]]) 

outputs  tensor([[0.2449, 0.2549, 0.2394, 0.2608],
        [0.2458, 0.2542, 0.2415, 0.2585],
        [0.2453, 0.2552, 0.2400, 0.2596],
        [0.2456, 0.2547, 0.2407, 0.2590],
        [0.2452, 0.2551, 0.2398, 0.2599],
        [0.2462, 0.2501, 0.2445, 0.2592],
        [0.2455, 0.2548, 0.2405, 0.2592],
        [0.2460, 0.2518, 0.2434, 0.2588],
        [0.2459, 0.2536, 0.2421, 0.2584],
        [0.2462, 0.2505, 0.2442, 0.2591],
        [0.2450, 0.2549, 0.2397, 0.2603],
        [0.2453, 0.2552, 0.2398, 0.2597],
        [0.2453, 0.2552, 0.2400, 0.2595],
        [0.2460, 0.2535, 0.2421, 0.2584],
        [0.2450, 0.2549, 0.2395, 0.2606],
        [0.2461, 0.2517, 0.2435, 0.2588],
        [0.2457, 0.2544, 0.2411, 0.2588],
        [0.2444, 0.2550, 0.2391, 0.2615],
        [0.2460, 0.2507, 0.2442, 0.2591],
        [0.2462, 0.2496, 0.2449, 0.2593],
        [0.2450, 0.2548, 0.2397, 0.2605],
        [0.2457, 0.2544, 0.2411, 0.2588],
        [0.2451, 0.2550, 0.2397, 0.2601],
        [0.2460, 0.2521, 0.2432, 0.2587],
        [0.2459, 0.2540, 0.2417, 0.2584],
        [0.2460, 0.2528, 0.2426, 0.2586],
        [0.2463, 0.2492, 0.2450, 0.2595],
        [0.2458, 0.2542, 0.2414, 0.2586],
        [0.2462, 0.2497, 0.2448, 0.2593],
        [0.2460, 0.2525, 0.2429, 0.2586],
        [0.2454, 0.2549, 0.2404, 0.2593],
        [0.2454, 0.2551, 0.2402, 0.2594]], grad_fn=<SoftmaxBackward0>) 

actions  tensor([[0.],
        [3.],
        [2.],
        [0.],
        [0.],
        [0.],
        [0.],
        [0.],
        [1.],
        [3.],
        [0.],
        [0.],
        [0.],
        [3.],
        [0.],
        [3.],
        [2.],
        [1.],
        [1.],
        [2.],
        [2.],
        [0.],
        [0.],
        [0.],
        [0.],
        [1.],
        [0.],
        [1.],
        [0.],
        [0.],
        [0.],
        [0.]]) 

outputs  tensor([[0.2512, 0.2520, 0.2382, 0.2586],
        [0.2519, 0.2512, 0.2404, 0.2565],
        [0.2519, 0.2503, 0.2414, 0.2564],
        [0.2517, 0.2515, 0.2398, 0.2569],
        [0.2515, 0.2518, 0.2393, 0.2574],
        [0.2514, 0.2520, 0.2384, 0.2582],
        [0.2520, 0.2487, 0.2425, 0.2567],
        [0.2520, 0.2482, 0.2430, 0.2569],
        [0.2518, 0.2496, 0.2420, 0.2565],
        [0.2519, 0.2500, 0.2417, 0.2564],
        [0.2517, 0.2514, 0.2400, 0.2568],
        [0.2521, 0.2476, 0.2432, 0.2570],
        [0.2522, 0.2471, 0.2436, 0.2571],
        [0.2514, 0.2521, 0.2385, 0.2580],
        [0.2514, 0.2520, 0.2389, 0.2576],
        [0.2520, 0.2491, 0.2423, 0.2566],
        [0.2516, 0.2517, 0.2395, 0.2572],
        [0.2521, 0.2480, 0.2430, 0.2569],
        [0.2511, 0.2521, 0.2379, 0.2588],
        [0.2518, 0.2514, 0.2400, 0.2568],
        [0.2522, 0.2468, 0.2437, 0.2572],
        [0.2507, 0.2522, 0.2376, 0.2594],
        [0.2519, 0.2508, 0.2409, 0.2564],
        [0.2518, 0.2493, 0.2423, 0.2566],
        [0.2514, 0.2522, 0.2386, 0.2578],
        [0.2505, 0.2523, 0.2374, 0.2597],
        [0.2513, 0.2521, 0.2380, 0.2587],
        [0.2519, 0.2507, 0.2410, 0.2563],
        [0.2515, 0.2519, 0.2391, 0.2575],
        [0.2517, 0.2516, 0.2396, 0.2571],
        [0.2509, 0.2522, 0.2377, 0.2592],
        [0.2522, 0.2472, 0.2435, 0.2571]], grad_fn=<SoftmaxBackward0>) 

actions  tensor([[2.],
        [3.],
        [1.],
        [0.],
        [0.],
        [0.],
        [0.],
        [1.],
        [0.],
        [0.],
        [0.],
        [0.],
        [2.],
        [0.],
        [0.],
        [3.],
        [0.],
        [3.],
        [0.],
        [2.],
        [0.],
        [1.],
        [1.],
        [0.],
        [0.],
        [1.],
        [0.],
        [3.],
        [0.],
        [0.],
        [0.],
        [0.]]) 

outputs  tensor([[0.2583, 0.2454, 0.2417, 0.2546],
        [0.2580, 0.2467, 0.2410, 0.2543],
        [0.2576, 0.2495, 0.2364, 0.2565],
        [0.2579, 0.2475, 0.2403, 0.2543],
        [0.2574, 0.2493, 0.2377, 0.2557],
        [0.2575, 0.2490, 0.2382, 0.2552],
        [0.2573, 0.2496, 0.2361, 0.2570],
        [0.2575, 0.2494, 0.2372, 0.2559],
        [0.2574, 0.2496, 0.2362, 0.2568],
        [0.2577, 0.2484, 0.2390, 0.2549],
        [0.2575, 0.2494, 0.2368, 0.2562],
        [0.2579, 0.2481, 0.2396, 0.2545],
        [0.2582, 0.2461, 0.2413, 0.2545],
        [0.2579, 0.2473, 0.2405, 0.2543],
        [0.2576, 0.2488, 0.2386, 0.2550],
        [0.2581, 0.2456, 0.2417, 0.2546],
        [0.2584, 0.2442, 0.2424, 0.2549],
        [0.2567, 0.2496, 0.2357, 0.2579],
        [0.2576, 0.2489, 0.2384, 0.2551],
        [0.2575, 0.2491, 0.2380, 0.2554],
        [0.2575, 0.2493, 0.2374, 0.2558],
        [0.2572, 0.2496, 0.2360, 0.2572],
        [0.2576, 0.2496, 0.2363, 0.2566],
        [0.2579, 0.2482, 0.2394, 0.2545],
        [0.2580, 0.2477, 0.2400, 0.2544],
        [0.2575, 0.2494, 0.2370, 0.2561],
        [0.2577, 0.2486, 0.2388, 0.2549],
        [0.2570, 0.2497, 0.2358, 0.2575],
        [0.2578, 0.2483, 0.2393, 0.2546],
        [0.2583, 0.2450, 0.2419, 0.2548],
        [0.2581, 0.2465, 0.2410, 0.2543],
        [0.2578, 0.2485, 0.2390, 0.2547]], grad_fn=<SoftmaxBackward0>) 

actions  tensor([[3.],
        [0.],
        [0.],
        [1.],
        [2.],
        [0.],
        [0.],
        [0.],
        [0.],
        [0.],
        [0.],
        [0.],
        [0.],
        [0.],
        [0.],
        [1.],
        [0.],
        [0.],
        [0.],
        [0.],
        [0.],
        [1.],
        [0.],
        [3.],
        [3.],
        [0.],
        [0.],
        [1.],
        [1.],
        [0.],
        [3.],
        [2.]]) 

outputs  tensor([[0.2636, 0.2467, 0.2362, 0.2536],
        [0.2646, 0.2428, 0.2403, 0.2523],
        [0.2642, 0.2451, 0.2382, 0.2525],
        [0.2635, 0.2472, 0.2342, 0.2551],
        [0.2637, 0.2471, 0.2347, 0.2545],
        [0.2641, 0.2454, 0.2379, 0.2526],
        [0.2638, 0.2457, 0.2375, 0.2530],
        [0.2644, 0.2430, 0.2403, 0.2523],
        [0.2640, 0.2452, 0.2382, 0.2525],
        [0.2633, 0.2471, 0.2339, 0.2557],
        [0.2643, 0.2440, 0.2396, 0.2521],
        [0.2636, 0.2470, 0.2353, 0.2541],
        [0.2646, 0.2434, 0.2399, 0.2521],
        [0.2641, 0.2447, 0.2388, 0.2523],
        [0.2643, 0.2446, 0.2388, 0.2523],
        [0.2646, 0.2437, 0.2397, 0.2521],
        [0.2638, 0.2459, 0.2373, 0.2530],
        [0.2636, 0.2469, 0.2358, 0.2538],
        [0.2637, 0.2462, 0.2369, 0.2532],
        [0.2636, 0.2464, 0.2367, 0.2533],
        [0.2644, 0.2438, 0.2397, 0.2521],
        [0.2642, 0.2444, 0.2392, 0.2522],
        [0.2646, 0.2425, 0.2405, 0.2524],
        [0.2637, 0.2471, 0.2345, 0.2547],
        [0.2645, 0.2419, 0.2409, 0.2526],
        [0.2639, 0.2454, 0.2379, 0.2528],
        [0.2635, 0.2466, 0.2364, 0.2534],
        [0.2636, 0.2470, 0.2351, 0.2542],
        [0.2634, 0.2471, 0.2340, 0.2555],
        [0.2639, 0.2455, 0.2377, 0.2529],
        [0.2636, 0.2472, 0.2344, 0.2548],
        [0.2645, 0.2422, 0.2407, 0.2526]], grad_fn=<SoftmaxBackward0>) 

actions  tensor([[0.],
        [3.],
        [3.],
        [1.],
        [0.],
        [2.],
        [0.],
        [1.],
        [1.],
        [1.],
        [0.],
        [2.],
        [0.],
        [1.],
        [3.],
        [3.],
        [0.],
        [0.],
        [0.],
        [0.],
        [0.],
        [1.],
        [0.],
        [0.],
        [0.],
        [0.],
        [2.],
        [0.],
        [0.],
        [0.],
        [1.],
        [0.]]) 

outputs  tensor([[0.2698, 0.2448, 0.2323, 0.2531],
        [0.2706, 0.2421, 0.2370, 0.2503],
        [0.2698, 0.2439, 0.2351, 0.2512],
        [0.2700, 0.2435, 0.2356, 0.2510],
        [0.2698, 0.2442, 0.2346, 0.2514],
        [0.2700, 0.2432, 0.2358, 0.2510],
        [0.2709, 0.2398, 0.2392, 0.2502],
        [0.2709, 0.2405, 0.2386, 0.2500],
        [0.2698, 0.2445, 0.2342, 0.2516],
        [0.2698, 0.2439, 0.2349, 0.2514],
        [0.2703, 0.2424, 0.2367, 0.2506],
        [0.2699, 0.2447, 0.2333, 0.2522],
        [0.2701, 0.2430, 0.2360, 0.2509],
        [0.2697, 0.2448, 0.2321, 0.2535],
        [0.2699, 0.2447, 0.2331, 0.2523],
        [0.2707, 0.2416, 0.2376, 0.2501],
        [0.2708, 0.2400, 0.2390, 0.2502],
        [0.2706, 0.2411, 0.2382, 0.2500],
        [0.2703, 0.2426, 0.2365, 0.2507],
        [0.2707, 0.2412, 0.2381, 0.2500],
        [0.2699, 0.2448, 0.2324, 0.2530],
        [0.2706, 0.2410, 0.2383, 0.2500],
        [0.2706, 0.2414, 0.2379, 0.2501],
        [0.2708, 0.2397, 0.2393, 0.2503],
        [0.2698, 0.2443, 0.2344, 0.2515],
        [0.2705, 0.2424, 0.2366, 0.2504],
        [0.2708, 0.2409, 0.2383, 0.2500],
        [0.2705, 0.2422, 0.2370, 0.2504],
        [0.2700, 0.2448, 0.2326, 0.2527],
        [0.2698, 0.2445, 0.2339, 0.2518],
        [0.2699, 0.2437, 0.2353, 0.2511],
        [0.2702, 0.2428, 0.2362, 0.2508]], grad_fn=<SoftmaxBackward0>) 

actions  tensor([[1.],
        [3.],
        [2.],
        [0.],
        [0.],
        [0.],
        [2.],
        [3.],
        [0.],
        [0.],
        [0.],
        [0.],
        [0.],
        [1.],
        [0.],
        [3.],
        [0.],
        [0.],
        [0.],
        [0.],
        [0.],
        [0.],
        [1.],
        [0.],
        [0.],
        [2.],
        [3.],
        [1.],
        [1.],
        [2.],
        [0.],
        [0.]]) 

outputs  tensor([[0.2771, 0.2383, 0.2369, 0.2478],
        [0.2765, 0.2424, 0.2307, 0.2504],
        [0.2772, 0.2373, 0.2376, 0.2479],
        [0.2764, 0.2418, 0.2320, 0.2498],
        [0.2773, 0.2381, 0.2368, 0.2478],
        [0.2763, 0.2418, 0.2325, 0.2494],
        [0.2771, 0.2392, 0.2356, 0.2481],
        [0.2774, 0.2374, 0.2375, 0.2477],
        [0.2764, 0.2416, 0.2323, 0.2497],
        [0.2764, 0.2423, 0.2311, 0.2502],
        [0.2771, 0.2395, 0.2352, 0.2481],
        [0.2763, 0.2413, 0.2332, 0.2492],
        [0.2773, 0.2375, 0.2374, 0.2478],
        [0.2764, 0.2420, 0.2316, 0.2500],
        [0.2773, 0.2391, 0.2356, 0.2480],
        [0.2769, 0.2394, 0.2353, 0.2484],
        [0.2771, 0.2386, 0.2365, 0.2478],
        [0.2765, 0.2425, 0.2306, 0.2505],
        [0.2763, 0.2424, 0.2304, 0.2509],
        [0.2764, 0.2419, 0.2318, 0.2499],
        [0.2763, 0.2422, 0.2314, 0.2501],
        [0.2763, 0.2417, 0.2328, 0.2493],
        [0.2767, 0.2401, 0.2346, 0.2486],
        [0.2773, 0.2378, 0.2371, 0.2478],
        [0.2769, 0.2397, 0.2350, 0.2484],
        [0.2771, 0.2379, 0.2372, 0.2478],
        [0.2763, 0.2415, 0.2330, 0.2492],
        [0.2771, 0.2384, 0.2368, 0.2478],
        [0.2765, 0.2406, 0.2342, 0.2487],
        [0.2766, 0.2403, 0.2344, 0.2487],
        [0.2764, 0.2408, 0.2339, 0.2488],
        [0.2773, 0.2377, 0.2373, 0.2478]], grad_fn=<SoftmaxBackward0>) 

actions  tensor([[0.],
        [0.],
        [0.],
        [0.],
        [3.],
        [2.],
        [1.],
        [2.],
        [0.],
        [1.],
        [2.],
        [0.],
        [0.],
        [0.],
        [3.],
        [0.],
        [1.],
        [1.],
        [1.],
        [0.],
        [1.],
        [0.],
        [0.],
        [3.],
        [0.],
        [1.],
        [0.],
        [0.],
        [0.],
        [0.],
        [0.],
        [0.]]) 

outputs  tensor([[0.2840, 0.2354, 0.2352, 0.2454],
        [0.2837, 0.2367, 0.2337, 0.2458],
        [0.2831, 0.2393, 0.2300, 0.2476],
        [0.2832, 0.2390, 0.2305, 0.2474],
        [0.2830, 0.2401, 0.2283, 0.2486],
        [0.2831, 0.2401, 0.2284, 0.2484],
        [0.2833, 0.2379, 0.2324, 0.2464],
        [0.2832, 0.2382, 0.2319, 0.2466],
        [0.2832, 0.2400, 0.2289, 0.2479],
        [0.2840, 0.2360, 0.2346, 0.2455],
        [0.2835, 0.2375, 0.2328, 0.2462],
        [0.2836, 0.2350, 0.2360, 0.2454],
        [0.2830, 0.2387, 0.2315, 0.2468],
        [0.2833, 0.2398, 0.2291, 0.2478],
        [0.2834, 0.2377, 0.2326, 0.2463],
        [0.2832, 0.2396, 0.2295, 0.2477],
        [0.2836, 0.2371, 0.2333, 0.2460],
        [0.2837, 0.2359, 0.2349, 0.2455],
        [0.2831, 0.2388, 0.2307, 0.2473],
        [0.2837, 0.2357, 0.2350, 0.2455],
        [0.2838, 0.2356, 0.2351, 0.2455],
        [0.2842, 0.2363, 0.2341, 0.2454],
        [0.2830, 0.2389, 0.2312, 0.2469],
        [0.2837, 0.2350, 0.2359, 0.2454],
        [0.2831, 0.2395, 0.2298, 0.2476],
        [0.2837, 0.2369, 0.2335, 0.2459],
        [0.2835, 0.2373, 0.2331, 0.2461],
        [0.2840, 0.2367, 0.2336, 0.2456],
        [0.2839, 0.2360, 0.2346, 0.2455],
        [0.2838, 0.2352, 0.2356, 0.2455],
        [0.2830, 0.2390, 0.2310, 0.2470],
        [0.2832, 0.2382, 0.2322, 0.2464]], grad_fn=<SoftmaxBackward0>) 

actions  tensor([[3.],
        [0.],
        [0.],
        [0.],
        [3.],
        [0.],
        [0.],
        [0.],
        [1.],
        [3.],
        [0.],
        [0.],
        [0.],
        [0.],
        [0.],
        [1.],
        [0.],
        [1.],
        [0.],
        [0.],
        [0.],
        [3.],
        [0.],
        [0.],
        [1.],
        [0.],
        [0.],
        [2.],
        [1.],
        [1.],
        [2.],
        [2.]]) 

outputs  tensor([[0.2904, 0.2326, 0.2341, 0.2430],
        [0.2907, 0.2331, 0.2332, 0.2430],
        [0.2906, 0.2330, 0.2333, 0.2430],
        [0.2903, 0.2325, 0.2342, 0.2430],
        [0.2900, 0.2379, 0.2266, 0.2455],
        [0.2911, 0.2336, 0.2324, 0.2430],
        [0.2902, 0.2360, 0.2291, 0.2446],
        [0.2907, 0.2345, 0.2314, 0.2434],
        [0.2907, 0.2329, 0.2334, 0.2430],
        [0.2902, 0.2358, 0.2298, 0.2442],
        [0.2902, 0.2363, 0.2286, 0.2449],
        [0.2907, 0.2333, 0.2330, 0.2430],
        [0.2902, 0.2376, 0.2269, 0.2453],
        [0.2907, 0.2328, 0.2336, 0.2430],
        [0.2910, 0.2338, 0.2323, 0.2430],
        [0.2902, 0.2373, 0.2273, 0.2452],
        [0.2901, 0.2365, 0.2284, 0.2450],
        [0.2906, 0.2327, 0.2338, 0.2430],
        [0.2903, 0.2356, 0.2301, 0.2441],
        [0.2902, 0.2362, 0.2289, 0.2448],
        [0.2909, 0.2340, 0.2321, 0.2431],
        [0.2901, 0.2367, 0.2281, 0.2451],
        [0.2906, 0.2325, 0.2341, 0.2428],
        [0.2902, 0.2369, 0.2278, 0.2451],
        [0.2908, 0.2341, 0.2319, 0.2432],
        [0.2903, 0.2353, 0.2305, 0.2438],
        [0.2905, 0.2326, 0.2340, 0.2430],
        [0.2909, 0.2334, 0.2327, 0.2430],
        [0.2902, 0.2378, 0.2266, 0.2454],
        [0.2901, 0.2362, 0.2294, 0.2444],
        [0.2901, 0.2360, 0.2296, 0.2443],
        [0.2904, 0.2327, 0.2338, 0.2430]], grad_fn=<SoftmaxBackward0>) 

actions  tensor([[0.],
        [0.],
        [0.],
        [0.],
        [3.],
        [0.],
        [0.],
        [0.],
        [3.],
        [0.],
        [0.],
        [1.],
        [1.],
        [0.],
        [1.],
        [1.],
        [0.],
        [3.],
        [0.],
        [0.],
        [0.],
        [1.],
        [2.],
        [1.],
        [0.],
        [2.],
        [0.],
        [3.],
        [0.],
        [2.],
        [0.],
        [1.]]) 

outputs  tensor([[0.2974, 0.2333, 0.2279, 0.2414],
        [0.2980, 0.2319, 0.2294, 0.2407],
        [0.2981, 0.2317, 0.2296, 0.2406],
        [0.2977, 0.2304, 0.2315, 0.2404],
        [0.2976, 0.2303, 0.2317, 0.2404],
        [0.2979, 0.2309, 0.2308, 0.2404],
        [0.2976, 0.2307, 0.2313, 0.2404],
        [0.2983, 0.2311, 0.2303, 0.2404],
        [0.2978, 0.2325, 0.2285, 0.2411],
        [0.2969, 0.2356, 0.2250, 0.2425],
        [0.2975, 0.2301, 0.2320, 0.2404],
        [0.2978, 0.2323, 0.2290, 0.2409],
        [0.2965, 0.2359, 0.2252, 0.2424],
        [0.2974, 0.2303, 0.2319, 0.2404],
        [0.2974, 0.2334, 0.2275, 0.2417],
        [0.2978, 0.2309, 0.2308, 0.2405],
        [0.2977, 0.2325, 0.2288, 0.2410],
        [0.2982, 0.2310, 0.2304, 0.2404],
        [0.2973, 0.2347, 0.2258, 0.2422],
        [0.2976, 0.2300, 0.2322, 0.2402],
        [0.2976, 0.2306, 0.2314, 0.2404],
        [0.2971, 0.2343, 0.2266, 0.2419],
        [0.2981, 0.2312, 0.2303, 0.2404],
        [0.2979, 0.2321, 0.2292, 0.2408],
        [0.2972, 0.2350, 0.2256, 0.2422],
        [0.2972, 0.2341, 0.2268, 0.2419],
        [0.2974, 0.2336, 0.2273, 0.2418],
        [0.2973, 0.2335, 0.2277, 0.2415],
        [0.2981, 0.2315, 0.2298, 0.2405],
        [0.2973, 0.2300, 0.2323, 0.2404],
        [0.2972, 0.2354, 0.2250, 0.2424],
        [0.2974, 0.2301, 0.2322, 0.2404]], grad_fn=<SoftmaxBackward0>) 

actions  tensor([[0.],
        [0.],
        [0.],
        [3.],
        [0.],
        [3.],
        [0.],
        [3.],
        [0.],
        [3.],
        [0.],
        [0.],
        [1.],
        [1.],
        [0.],
        [1.],
        [2.],
        [0.],
        [0.],
        [2.],
        [0.],
        [1.],
        [1.],
        [0.],
        [1.],
        [0.],
        [0.],
        [2.],
        [0.],
        [0.],
        [0.],
        [0.]]) 

outputs  tensor([[0.3057, 0.2293, 0.2273, 0.2377],
        [0.3054, 0.2299, 0.2268, 0.2379],
        [0.3049, 0.2280, 0.2295, 0.2376],
        [0.3059, 0.2286, 0.2279, 0.2376],
        [0.3050, 0.2280, 0.2294, 0.2377],
        [0.3034, 0.2335, 0.2232, 0.2400],
        [0.3045, 0.2325, 0.2239, 0.2391],
        [0.3049, 0.2277, 0.2299, 0.2375],
        [0.3056, 0.2285, 0.2282, 0.2377],
        [0.3046, 0.2316, 0.2252, 0.2386],
        [0.3056, 0.2288, 0.2277, 0.2378],
        [0.3048, 0.2310, 0.2258, 0.2384],
        [0.3047, 0.2310, 0.2260, 0.2382],
        [0.3051, 0.2279, 0.2295, 0.2376],
        [0.3057, 0.2289, 0.2276, 0.2378],
        [0.3055, 0.2288, 0.2279, 0.2378],
        [0.3050, 0.2282, 0.2291, 0.2377],
        [0.3051, 0.2284, 0.2288, 0.2377],
        [0.3041, 0.2331, 0.2234, 0.2395],
        [0.3054, 0.2285, 0.2284, 0.2377],
        [0.3049, 0.2276, 0.2302, 0.2373],
        [0.3037, 0.2333, 0.2236, 0.2394],
        [0.3049, 0.2307, 0.2262, 0.2381],
        [0.3050, 0.2278, 0.2296, 0.2376],
        [0.3046, 0.2320, 0.2246, 0.2388],
        [0.3045, 0.2276, 0.2304, 0.2374],
        [0.3047, 0.2312, 0.2256, 0.2384],
        [0.3056, 0.2285, 0.2282, 0.2377],
        [0.3044, 0.2327, 0.2237, 0.2392],
        [0.3053, 0.2301, 0.2266, 0.2380],
        [0.3056, 0.2295, 0.2271, 0.2378],
        [0.3054, 0.2298, 0.2270, 0.2378]], grad_fn=<SoftmaxBackward0>) 

actions  tensor([[0.],
        [0.],
        [0.],
        [2.],
        [0.],
        [0.],
        [1.],
        [3.],
        [1.],
        [0.],
        [0.],
        [0.],
        [2.],
        [3.],
        [0.],
        [0.],
        [1.],
        [1.],
        [3.],
        [0.],
        [2.],
        [1.],
        [0.],
        [0.],
        [1.],
        [0.],
        [0.],
        [3.],
        [1.],
        [0.],
        [0.],
        [2.]]) 

outputs  tensor([[0.3132, 0.2273, 0.2252, 0.2344],
        [0.3121, 0.2255, 0.2282, 0.2342],
        [0.3122, 0.2255, 0.2280, 0.2342],
        [0.3123, 0.2289, 0.2236, 0.2351],
        [0.3123, 0.2292, 0.2234, 0.2351],
        [0.3133, 0.2270, 0.2253, 0.2344],
        [0.3119, 0.2254, 0.2285, 0.2342],
        [0.3125, 0.2285, 0.2241, 0.2350],
        [0.3127, 0.2259, 0.2267, 0.2346],
        [0.3122, 0.2294, 0.2233, 0.2352],
        [0.3128, 0.2261, 0.2264, 0.2347],
        [0.3124, 0.2259, 0.2273, 0.2345],
        [0.3130, 0.2276, 0.2248, 0.2345],
        [0.3121, 0.2256, 0.2281, 0.2343],
        [0.3111, 0.2308, 0.2219, 0.2363],
        [0.3110, 0.2309, 0.2216, 0.2365],
        [0.3126, 0.2282, 0.2245, 0.2347],
        [0.3120, 0.2255, 0.2283, 0.2342],
        [0.3123, 0.2254, 0.2283, 0.2340],
        [0.3119, 0.2299, 0.2224, 0.2358],
        [0.3124, 0.2259, 0.2271, 0.2345],
        [0.3122, 0.2297, 0.2225, 0.2356],
        [0.3109, 0.2310, 0.2214, 0.2367],
        [0.3119, 0.2301, 0.2220, 0.2360],
        [0.3132, 0.2273, 0.2250, 0.2345],
        [0.3131, 0.2267, 0.2257, 0.2346],
        [0.3126, 0.2264, 0.2262, 0.2348],
        [0.3132, 0.2263, 0.2260, 0.2345],
        [0.3123, 0.2258, 0.2275, 0.2344],
        [0.3124, 0.2256, 0.2276, 0.2343],
        [0.3107, 0.2310, 0.2214, 0.2369],
        [0.3132, 0.2268, 0.2256, 0.2345]], grad_fn=<SoftmaxBackward0>) 

actions  tensor([[2.],
        [0.],
        [3.],
        [0.],
        [0.],
        [0.],
        [0.],
        [0.],
        [3.],
        [1.],
        [0.],
        [0.],
        [0.],
        [1.],
        [1.],
        [1.],
        [0.],
        [0.],
        [2.],
        [1.],
        [1.],
        [0.],
        [0.],
        [1.],
        [0.],
        [0.],
        [0.],
        [2.],
        [0.],
        [3.],
        [0.],
        [0.]]) 

outputs  tensor([[0.3206, 0.2240, 0.2243, 0.2311],
        [0.3185, 0.2286, 0.2195, 0.2334],
        [0.3209, 0.2246, 0.2234, 0.2310],
        [0.3197, 0.2231, 0.2264, 0.2308],
        [0.3202, 0.2242, 0.2241, 0.2314],
        [0.3202, 0.2234, 0.2255, 0.2309],
        [0.3200, 0.2270, 0.2211, 0.2319],
        [0.3203, 0.2238, 0.2247, 0.2312],
        [0.3208, 0.2257, 0.2225, 0.2310],
        [0.3193, 0.2279, 0.2199, 0.2329],
        [0.3210, 0.2247, 0.2233, 0.2310],
        [0.3201, 0.2268, 0.2215, 0.2317],
        [0.3197, 0.2275, 0.2203, 0.2325],
        [0.3188, 0.2284, 0.2197, 0.2331],
        [0.3205, 0.2237, 0.2247, 0.2311],
        [0.3196, 0.2277, 0.2200, 0.2328],
        [0.3202, 0.2233, 0.2256, 0.2309],
        [0.3199, 0.2233, 0.2260, 0.2308],
        [0.3208, 0.2245, 0.2235, 0.2311],
        [0.3202, 0.2266, 0.2216, 0.2316],
        [0.3205, 0.2262, 0.2219, 0.2314],
        [0.3198, 0.2232, 0.2262, 0.2308],
        [0.3204, 0.2243, 0.2240, 0.2313],
        [0.3205, 0.2244, 0.2238, 0.2313],
        [0.3199, 0.2232, 0.2261, 0.2308],
        [0.3206, 0.2260, 0.2224, 0.2311],
        [0.3200, 0.2235, 0.2255, 0.2309],
        [0.3183, 0.2286, 0.2195, 0.2336],
        [0.3187, 0.2285, 0.2194, 0.2333],
        [0.3204, 0.2264, 0.2217, 0.2315],
        [0.3201, 0.2235, 0.2254, 0.2310],
        [0.3202, 0.2231, 0.2262, 0.2306]], grad_fn=<SoftmaxBackward0>) 

actions  tensor([[1.],
        [0.],
        [0.],
        [0.],
        [0.],
        [3.],
        [1.],
        [1.],
        [0.],
        [3.],
        [0.],
        [1.],
        [1.],
        [1.],
        [3.],
        [0.],
        [0.],
        [1.],
        [0.],
        [0.],
        [0.],
        [0.],
        [0.],
        [0.],
        [0.],
        [2.],
        [0.],
        [1.],
        [0.],
        [0.],
        [0.],
        [2.]]) 

outputs  tensor([[0.3292, 0.2227, 0.2208, 0.2273],
        [0.3293, 0.2230, 0.2205, 0.2272],
        [0.3290, 0.2235, 0.2201, 0.2275],
        [0.3270, 0.2258, 0.2181, 0.2292],
        [0.3284, 0.2208, 0.2239, 0.2269],
        [0.3286, 0.2239, 0.2197, 0.2278],
        [0.3281, 0.2210, 0.2237, 0.2272],
        [0.3283, 0.2214, 0.2229, 0.2274],
        [0.3289, 0.2225, 0.2212, 0.2274],
        [0.3284, 0.2241, 0.2196, 0.2279],
        [0.3282, 0.2213, 0.2232, 0.2273],
        [0.3284, 0.2216, 0.2224, 0.2275],
        [0.3287, 0.2215, 0.2224, 0.2275],
        [0.3282, 0.2221, 0.2219, 0.2278],
        [0.3287, 0.2216, 0.2221, 0.2276],
        [0.3279, 0.2209, 0.2240, 0.2271],
        [0.3290, 0.2226, 0.2211, 0.2274],
        [0.3283, 0.2215, 0.2228, 0.2274],
        [0.3264, 0.2263, 0.2173, 0.2300],
        [0.3282, 0.2245, 0.2191, 0.2282],
        [0.3264, 0.2261, 0.2171, 0.2303],
        [0.3279, 0.2248, 0.2186, 0.2286],
        [0.3287, 0.2223, 0.2214, 0.2276],
        [0.3283, 0.2243, 0.2195, 0.2280],
        [0.3288, 0.2224, 0.2213, 0.2275],
        [0.3283, 0.2213, 0.2231, 0.2273],
        [0.3290, 0.2219, 0.2217, 0.2274],
        [0.3285, 0.2222, 0.2216, 0.2277],
        [0.3281, 0.2246, 0.2188, 0.2285],
        [0.3293, 0.2232, 0.2203, 0.2272],
        [0.3270, 0.2259, 0.2176, 0.2295],
        [0.3291, 0.2227, 0.2209, 0.2273]], grad_fn=<SoftmaxBackward0>) 

actions  tensor([[0.],
        [0.],
        [0.],
        [1.],
        [2.],
        [0.],
        [0.],
        [0.],
        [0.],
        [0.],
        [0.],
        [1.],
        [3.],
        [0.],
        [0.],
        [0.],
        [0.],
        [1.],
        [1.],
        [1.],
        [1.],
        [1.],
        [0.],
        [1.],
        [0.],
        [0.],
        [2.],
        [0.],
        [0.],
        [0.],
        [1.],
        [2.]]) 

outputs  tensor([[0.3374, 0.2211, 0.2181, 0.2233],
        [0.3374, 0.2208, 0.2184, 0.2234],
        [0.3370, 0.2203, 0.2190, 0.2237],
        [0.3368, 0.2193, 0.2205, 0.2234],
        [0.3369, 0.2191, 0.2207, 0.2233],
        [0.3346, 0.2242, 0.2147, 0.2265],
        [0.3366, 0.2201, 0.2194, 0.2239],
        [0.3367, 0.2202, 0.2192, 0.2239],
        [0.3370, 0.2196, 0.2199, 0.2235],
        [0.3359, 0.2233, 0.2156, 0.2253],
        [0.3368, 0.2194, 0.2203, 0.2235],
        [0.3370, 0.2198, 0.2195, 0.2236],
        [0.3370, 0.2215, 0.2177, 0.2237],
        [0.3374, 0.2199, 0.2192, 0.2235],
        [0.3375, 0.2209, 0.2182, 0.2234],
        [0.3353, 0.2236, 0.2158, 0.2253],
        [0.3365, 0.2189, 0.2215, 0.2232],
        [0.3346, 0.2244, 0.2150, 0.2261],
        [0.3365, 0.2224, 0.2165, 0.2246],
        [0.3375, 0.2208, 0.2183, 0.2234],
        [0.3369, 0.2202, 0.2191, 0.2238],
        [0.3362, 0.2228, 0.2160, 0.2249],
        [0.3368, 0.2217, 0.2176, 0.2239],
        [0.3361, 0.2230, 0.2157, 0.2252],
        [0.3366, 0.2222, 0.2169, 0.2243],
        [0.3363, 0.2226, 0.2164, 0.2247],
        [0.3352, 0.2240, 0.2151, 0.2258],
        [0.3372, 0.2213, 0.2179, 0.2235],
        [0.3366, 0.2221, 0.2172, 0.2241],
        [0.3373, 0.2213, 0.2180, 0.2234],
        [0.3370, 0.2188, 0.2213, 0.2230],
        [0.3372, 0.2195, 0.2198, 0.2236]], grad_fn=<SoftmaxBackward0>) 

actions  tensor([[0.],
        [2.],
        [0.],
        [0.],
        [0.],
        [1.],
        [0.],
        [0.],
        [1.],
        [3.],
        [0.],
        [1.],
        [0.],
        [2.],
        [0.],
        [1.],
        [0.],
        [1.],
        [0.],
        [0.],
        [0.],
        [1.],
        [0.],
        [0.],
        [1.],
        [1.],
        [0.],
        [0.],
        [1.],
        [2.],
        [2.],
        [3.]]) 

outputs  tensor([[0.3454, 0.2172, 0.2183, 0.2191],
        [0.3441, 0.2215, 0.2131, 0.2213],
        [0.3426, 0.2228, 0.2122, 0.2224],
        [0.3457, 0.2181, 0.2168, 0.2195],
        [0.3455, 0.2189, 0.2161, 0.2196],
        [0.3455, 0.2187, 0.2162, 0.2196],
        [0.3453, 0.2195, 0.2157, 0.2195],
        [0.3457, 0.2178, 0.2172, 0.2193],
        [0.3454, 0.2170, 0.2185, 0.2191],
        [0.3458, 0.2169, 0.2185, 0.2188],
        [0.3435, 0.2218, 0.2134, 0.2213],
        [0.3452, 0.2170, 0.2187, 0.2191],
        [0.3454, 0.2186, 0.2163, 0.2197],
        [0.3424, 0.2228, 0.2118, 0.2230],
        [0.3455, 0.2191, 0.2158, 0.2196],
        [0.3455, 0.2192, 0.2158, 0.2195],
        [0.3457, 0.2172, 0.2180, 0.2191],
        [0.3452, 0.2196, 0.2155, 0.2196],
        [0.3459, 0.2176, 0.2171, 0.2194],
        [0.3456, 0.2171, 0.2182, 0.2191],
        [0.3454, 0.2190, 0.2160, 0.2196],
        [0.3444, 0.2212, 0.2133, 0.2212],
        [0.3445, 0.2208, 0.2139, 0.2207],
        [0.3447, 0.2203, 0.2148, 0.2202],
        [0.3456, 0.2176, 0.2174, 0.2193],
        [0.3453, 0.2185, 0.2164, 0.2197],
        [0.3460, 0.2179, 0.2167, 0.2194],
        [0.3455, 0.2174, 0.2179, 0.2192],
        [0.3456, 0.2175, 0.2177, 0.2192],
        [0.3453, 0.2196, 0.2156, 0.2195],
        [0.3452, 0.2197, 0.2154, 0.2197],
        [0.3450, 0.2199, 0.2152, 0.2199]], grad_fn=<SoftmaxBackward0>) 

actions  tensor([[1.],
        [3.],
        [1.],
        [1.],
        [0.],
        [0.],
        [0.],
        [1.],
        [0.],
        [2.],
        [1.],
        [0.],
        [0.],
        [0.],
        [0.],
        [0.],
        [0.],
        [0.],
        [3.],
        [3.],
        [0.],
        [0.],
        [1.],
        [1.],
        [1.],
        [0.],
        [3.],
        [0.],
        [0.],
        [2.],
        [0.],
        [0.]]) 

outputs  tensor([[0.3538, 0.2170, 0.2135, 0.2157],
        [0.3536, 0.2180, 0.2129, 0.2156],
        [0.3535, 0.2182, 0.2127, 0.2157],
        [0.3532, 0.2185, 0.2124, 0.2159],
        [0.3537, 0.2168, 0.2138, 0.2158],
        [0.3530, 0.2193, 0.2109, 0.2169],
        [0.3537, 0.2178, 0.2130, 0.2156],
        [0.3545, 0.2153, 0.2155, 0.2148],
        [0.3548, 0.2163, 0.2137, 0.2153],
        [0.3510, 0.2212, 0.2097, 0.2181],
        [0.3531, 0.2188, 0.2118, 0.2163],
        [0.3537, 0.2169, 0.2137, 0.2157],
        [0.3546, 0.2153, 0.2153, 0.2148],
        [0.3543, 0.2152, 0.2157, 0.2148],
        [0.3520, 0.2201, 0.2106, 0.2172],
        [0.3548, 0.2162, 0.2138, 0.2152],
        [0.3549, 0.2160, 0.2141, 0.2151],
        [0.3526, 0.2198, 0.2104, 0.2172],
        [0.3534, 0.2182, 0.2126, 0.2157],
        [0.3538, 0.2173, 0.2134, 0.2156],
        [0.3537, 0.2174, 0.2133, 0.2156],
        [0.3537, 0.2176, 0.2130, 0.2156],
        [0.3536, 0.2179, 0.2129, 0.2156],
        [0.3538, 0.2175, 0.2131, 0.2156],
        [0.3545, 0.2162, 0.2142, 0.2151],
        [0.3518, 0.2206, 0.2099, 0.2177],
        [0.3520, 0.2203, 0.2102, 0.2175],
        [0.3549, 0.2151, 0.2154, 0.2145],
        [0.3504, 0.2216, 0.2091, 0.2190],
        [0.3548, 0.2154, 0.2149, 0.2149],
        [0.3514, 0.2209, 0.2098, 0.2179],
        [0.3509, 0.2213, 0.2095, 0.2183]], grad_fn=<SoftmaxBackward0>) 

actions  tensor([[0.],
        [2.],
        [0.],
        [0.],
        [0.],
        [1.],
        [0.],
        [0.],
        [3.],
        [1.],
        [1.],
        [0.],
        [0.],
        [0.],
        [1.],
        [0.],
        [3.],
        [3.],
        [0.],
        [0.],
        [0.],
        [0.],
        [0.],
        [0.],
        [1.],
        [0.],
        [1.],
        [2.],
        [1.],
        [0.],
        [0.],
        [1.]]) 

outputs  tensor([[0.3625, 0.2154, 0.2106, 0.2115],
        [0.3624, 0.2162, 0.2100, 0.2114],
        [0.3640, 0.2139, 0.2115, 0.2106],
        [0.3592, 0.2202, 0.2057, 0.2149],
        [0.3625, 0.2153, 0.2107, 0.2116],
        [0.3625, 0.2155, 0.2105, 0.2115],
        [0.3637, 0.2138, 0.2120, 0.2105],
        [0.3637, 0.2142, 0.2115, 0.2107],
        [0.3608, 0.2188, 0.2072, 0.2133],
        [0.3634, 0.2149, 0.2107, 0.2110],
        [0.3626, 0.2151, 0.2107, 0.2115],
        [0.3639, 0.2139, 0.2117, 0.2105],
        [0.3618, 0.2171, 0.2093, 0.2119],
        [0.3639, 0.2136, 0.2121, 0.2104],
        [0.3637, 0.2144, 0.2112, 0.2107],
        [0.3622, 0.2165, 0.2098, 0.2115],
        [0.3640, 0.2144, 0.2109, 0.2108],
        [0.3625, 0.2160, 0.2101, 0.2114],
        [0.3588, 0.2204, 0.2061, 0.2147],
        [0.3623, 0.2165, 0.2099, 0.2114],
        [0.3638, 0.2147, 0.2106, 0.2110],
        [0.3596, 0.2199, 0.2061, 0.2144],
        [0.3638, 0.2136, 0.2122, 0.2104],
        [0.3625, 0.2157, 0.2104, 0.2114],
        [0.3601, 0.2194, 0.2068, 0.2137],
        [0.3621, 0.2167, 0.2096, 0.2116],
        [0.3618, 0.2177, 0.2079, 0.2126],
        [0.3623, 0.2163, 0.2099, 0.2114],
        [0.3608, 0.2185, 0.2077, 0.2130],
        [0.3625, 0.2161, 0.2100, 0.2114],
        [0.3617, 0.2179, 0.2076, 0.2128],
        [0.3606, 0.2190, 0.2069, 0.2135]], grad_fn=<SoftmaxBackward0>) 

actions  tensor([[0.],
        [0.],
        [3.],
        [1.],
        [0.],
        [0.],
        [1.],
        [0.],
        [1.],
        [1.],
        [0.],
        [0.],
        [1.],
        [0.],
        [1.],
        [0.],
        [3.],
        [0.],
        [1.],
        [2.],
        [3.],
        [0.],
        [0.],
        [0.],
        [0.],
        [0.],
        [1.],
        [0.],
        [1.],
        [0.],
        [0.],
        [0.]]) 

outputs  tensor([[0.3708, 0.2163, 0.2047, 0.2082],
        [0.3735, 0.2124, 0.2081, 0.2060],
        [0.3706, 0.2167, 0.2042, 0.2085],
        [0.3699, 0.2173, 0.2039, 0.2088],
        [0.3697, 0.2176, 0.2036, 0.2090],
        [0.3732, 0.2129, 0.2077, 0.2062],
        [0.3715, 0.2148, 0.2067, 0.2070],
        [0.3732, 0.2124, 0.2084, 0.2060],
        [0.3686, 0.2187, 0.2028, 0.2099],
        [0.3714, 0.2151, 0.2066, 0.2070],
        [0.3709, 0.2158, 0.2057, 0.2076],
        [0.3688, 0.2183, 0.2035, 0.2094],
        [0.3681, 0.2190, 0.2028, 0.2101],
        [0.3715, 0.2149, 0.2066, 0.2070],
        [0.3732, 0.2131, 0.2073, 0.2064],
        [0.3680, 0.2192, 0.2024, 0.2104],
        [0.3687, 0.2185, 0.2032, 0.2096],
        [0.3708, 0.2162, 0.2051, 0.2080],
        [0.3732, 0.2128, 0.2078, 0.2061],
        [0.3692, 0.2180, 0.2035, 0.2092],
        [0.3716, 0.2142, 0.2071, 0.2071],
